0.0
0.0
0.0
0.0
0.0
0.0
0.0
0.0
0.0
0.0
0.0
0.0
0.0
0.0
0.0
0.0
0.0
0.0
0.0
0.0
0.0
0.0
0.0
0.0
0.0
0.0
0.0
0.0
0.0
0.0
0.0
0.0
0.0
0.0
0.0
0.0
0.0
0.0
0.0
0.0
0.0
2170.53
2150.85
2167.55
2152.42
2163.17
2163.52
2173.44
2157.72
2162.61
2144.58
2190.47
2150.64
2165.72
2169.15
2172.48
2162.89
2168.81
2149.92
2168.81
2168.81
4557.69
6729.26
6745.8
6738.42
6735.74
6733.67
6736.34
6729.42
6742.87
6737.17
6737.36
6747.91
6719.05
6746.87
6734.1
6737.58
6736.66
6735.88
6739.38
6737.58
0.0
0.0
0.0
0.0
0.0
0.0
0.0
0.0
0.0
0.0
0.0
0.0
0.0
0.0
0.0
0.0
0.0
0.0
0.0
0.0
0.0
0.0
0.0
0.0
0.0
0.0
0.0
0.0
0.0
0.0
0.0
0.0
0.0
0.0
0.0
0.0
0.0
0.0
0.0
0.0