0.0
0.0
0.0
0.0
0.0
0.0
0.0
0.0
0.0
0.0
0.0
0.0
0.0
0.0
0.0
0.0
0.0
0.0
0.0
0.0
0.0
7628.21
7590.81
7615.35
7586.41
7602.3
7602.5
7620.79
7571.75
7631.43
7572.31
7600.54
7604.06
7625.95
7581.02
7611.06
7596.19
7630.07
7586.33
7630.07
7630.07
7624.06
7599.49
7618.82
7592.32
7623.55
7604.42
7615.8
7593.52
7618.81
7610.35
7604.43
7600.93
7633.01
7633.01
7605.41
7593.73
7621.66
7605.52
7621.66
7621.66
3034.01
3028.59
3035.85
3032.6
3031.6
3031.28
3032.59
3030.44
3033.81
3033.44
3029.86
3025.05
3038.91
3035.42
3028.85
3035.39
3026.41
3035.85
3034.69
3035.39
3036.01
3031.75
3029.33
3034.09
3034.1
3023.62
3039.2
3031.01
3031.73
3034.52
3032.35
3029.13
3028.62
3035.97
3034.03
3030.7
3034.13
3032.81
3030.7
3030.7
1158.84
0.0
0.0
0.0
0.0
0.0
0.0
0.0
0.0
0.0
0.0
0.0
0.0
0.0
0.0
0.0
0.0
0.0
0.0
0.0