9726.49
9651.53
9748.87
9721.73
9685.02
9753.47
9721.92
9775.36
9717.39
9782.14
9617.26
9735.91
9721.49
9739.33
9441.81
9744.85
9606.16
9751.68
9693.75
9606.16
9606.16
2161.97
2163.94
2163.8
2168.29
2184.47
2155.36
2173.01
2177.93
2168.91
2166.5
2184.18
2161.22
2163.04
2169.53
2187.81
2147.62
2162.62
2166.98
2162.62
2162.62
0.03
0.12
0.11
0.04
0.08
0.14
0.12
0.01
0.02
0.01
0.02
0.02
0.02
0.02
0.02
0.02
0.02
0.02
0.02
0.02
0.02
1.45
1.31
2.87
2.85
3.03
3.33
3.39
1.26
4.4
1.62
2.14
2.06
2.43
2.49
2.22
2.74
2.22
2.1
2.22
6745.61
6738.24
6732.06
6722.08
6741.09
6745.46
6731.7
6739.39
6737.11
6741.74
6734.16
6736.81
6742.33
6734.07
6729.93
6739.2
6737.68
6742.96
6739.2
6739.2
7496.97
9726.68
9778.02
9692.59
9733.24
9726.26
9688.6
9684.95
9774.32
9693.56
9673.15
9697.21
9733.15
9686.26
9682.03
9585.17
9762.1
9571.28
9585.17
9682.03