0.00
0.00
0.00
0.00
1001.44
9992.57
10003.94
10004.62
10001.19
9997.37
9994.58
10002.40
10001.05
9998.72
10006.47
9997.68
10003.21
10001.19
9996.65
9995.81
9998.12
10009.15
9998.22
9992.70
9019.83
0.67
0.65
0.16
0.00
0.00
0.00
0.00
0.00
0.00
0.00
0.00
0.00
0.00
0.00
0.00
0.00
0.00
0.00
0.00
0.00
0.00
0.00
0.00
0.00
0.00
0.00
0.00
0.00
0.00
0.00
8691.48
9986.97
10004.00
10000.79
10010.28
9992.19
10002.78
9987.91
10008.33
10010.07
9993.90
9999.67
10002.35
9996.84
10007.15
9998.54
2697.56
0.25
0.12
0.00
0.00
5259.54
10000.29
9998.56
9999.47
10005.56
9999.52
9993.82
10001.57
10003.75
10002.01
9998.87
9998.22
10005.87
10001.98
9998.38
