0.0
0.0
0.0
0.0
0.0
0.0
0.0
0.0
0.0
0.0
0.0
0.0
0.0
0.0
0.0
0.0
0.0
0.0
0.0
0.0
7341.54
7577.84
7628.21
7590.81
7615.35
7586.41
7602.3
7602.5
7620.79
7571.75
7631.43
7572.31
7600.54
7604.06
7625.95
7581.02
7611.06
7596.19
7630.07
7586.33
7627.72
7605.21
7624.06
7599.49
7618.82
7592.32
7623.55
7604.42
7615.8
7593.52
7618.81
7610.35
7604.43
7600.93
7633.01
7582.5
7605.41
7593.73
7621.66
7605.52
9337.68
7595.38
7621.92
7567.78
7611.5
7574.29
7596.52
7584.38
7620.83
7589.05
7593.25
7590.09
7606.54
7571.84
7602.94
7581.06
7605.63
7589.59
7626.4
7571.03
957.12
0.0
0.0
0.0
0.0
0.0
0.0
0.0
0.0
0.0
0.0
0.0
0.0
0.0
0.0
0.0
0.0
0.0
0.0
0.0
0.0
0.0