9726.49
9726.49
9651.53
9748.87
9721.73
9685.02
9753.47
9721.92
9775.36
9717.39
9782.14
9617.26
9735.91
9721.49
9739.33
9441.81
9744.85
9606.16
9751.68
9693.75
2454.82
2176.72
2161.97
2163.94
2163.8
2168.29
2184.47
2155.36
2173.01
2177.93
2168.91
2166.5
2184.18
2161.22
2163.04
2169.53
2187.81
2147.62
2162.62
2166.98
367.04
0.01
0.03
0.12
0.11
0.04
0.08
0.14
0.12
0.01
0.02
0.01
0.02
0
0
0.02
0
0
0
0
39.72
2121.94
2165.4
2148.79
2168.71
2157.66
2178.65
2168.35
2170.84
2154.71
2190.44
2174.54
2185.71
2178.06
2191.49
2168.85
2174.48
2169.61
2167.52
2171.06
8325.7
9652.17
9573.79
9726.68
9778.02
9692.59
9733.24
9726.26
9688.6
9684.95
9774.32
9693.56
9673.15
9697.21
9733.15
9686.26
9682.03
9585.17
9762.1
9571.28
9585.17
9682.03